start=58.840000
volume=125.000000
