start=2158.400000
volume=60.000000
