start=622.066667
volume=58.000000
