start=556.956400
volume=100.000000
