start=1194.360000
volume=50.000000
fullscreen=yes
