start=1947.760000
volume=62.000000
