start=3845.550042
volume=90.000000
deinterlace=yes
panscan=0.200000
