start=1366.000000
volume=80.000000
