start=209.600000
volume=96.000000
fullscreen=yes
