start=238.720000
volume=42.000000
fullscreen=yes
