start=319.919600
volume=50.000000
