start=337.880000
volume=70.000000
