start=2991.240000
volume=70.000000
