start=2707.520000
pause=yes
volume=60.000000
