start=10.384359
volume=42.000000
