start=152.600000
pause=yes
volume=60.000000
