start=646.519989
volume=70.000000
fullscreen=yes
contrast=-1
