start=1464.000000
volume=38.000000
fullscreen=yes
