start=1387.560000
volume=70.000000
