start=1245.933333
pause=yes
volume=70.000000
