start=1404.269533
pause=yes
volume=50.000000
