start=1931.663067
volume=50.000000
