start=3.220000
volume=60.000000
