start=169.002167
pause=yes
volume=66.000000
