start=855.354000
volume=100.000000
