start=644.033333
pause=yes
volume=30.000000
