start=1477.640000
volume=60.000000
